R matrix mean with 10 samples with 2500 galaxies each :

 5344.8397      1.4784  -2604.8143     -0.4648      0.6616     -9.1721     -0.6289     -0.3974     12.1476
    1.4784   7634.5110   2827.4235      2.6261      1.1327      0.7361      1.9585    -15.2219    -13.7662
-2604.8143   2827.4235  48052.2749     28.1253      4.6421     18.2009     19.0828     -1.1585   -218.7168
   -0.4648      2.6261     28.1253      0.1372      0.0056      0.0068      0.0597     -0.0030     -0.0874
    0.6616      1.1327      4.6421      0.0056      0.0386     -0.0007      0.0038      0.0035     -0.0214
   -9.1721      0.7361     18.2009      0.0068     -0.0007      0.0945      0.0129      0.0041     -0.0756
   -0.6289      1.9585     19.0828      0.0597      0.0038      0.0129      0.1668      0.0048     -0.0522
   -0.3974    -15.2219     -1.1585     -0.0030      0.0035      0.0041      0.0048      0.1100      0.0106
   12.1476    -13.7662   -218.7168     -0.0874     -0.0214     -0.0756     -0.0522      0.0106      1.2143
R matrix ecart-type : 

  239.6242    208.6006    764.9817      1.3042      0.5636      1.1834      1.0510      0.6239      3.8888
  208.6006    336.1982    723.0708      0.7954      0.5750      1.1421      2.3583      1.9461      3.9864
  764.9817    723.0708   4201.6523      1.6316      2.3538      7.1098      3.9604      5.8475     32.0960
    1.3042      0.7954      1.6316      0.0136      0.0058      0.0132      0.0050      0.0044      0.0109
    0.5636      0.5750      2.3538      0.0058      0.0031      0.0044      0.0048      0.0026      0.0113
    1.1834      1.1421      7.1098      0.0132      0.0044      0.0090      0.0097      0.0043      0.0260
    1.0510      2.3583      3.9604      0.0050      0.0048      0.0097      0.0153      0.0172      0.0223
    0.6239      1.9461      5.8475      0.0044      0.0026      0.0043      0.0172      0.0115      0.0461
    3.8888      3.9864     32.0960      0.0109      0.0113      0.0260      0.0223      0.0461      0.2237
R matrix standard error on the mean :

   84.7199     73.7515    270.4619      0.4611      0.1993      0.4184      0.3716      0.2206      1.3749
   73.7515    118.8640    255.6441      0.2812      0.2033      0.4038      0.8338      0.6880      1.4094
  270.4619    255.6441   1485.5084      0.5769      0.8322      2.5137      1.4002      2.0674     11.3477
    0.4611      0.2812      0.5769      0.0048      0.0020      0.0047      0.0018      0.0015      0.0039
    0.1993      0.2033      0.8322      0.0020      0.0011      0.0015      0.0017      0.0009      0.0040
    0.4184      0.4038      2.5137      0.0047      0.0015      0.0032      0.0034      0.0015      0.0092
    0.3716      0.8338      1.4002      0.0018      0.0017      0.0034      0.0054      0.0061      0.0079
    0.2206      0.6880      2.0674      0.0015      0.0009      0.0015      0.0061      0.0041      0.0163
    1.3749      1.4094     11.3477      0.0039      0.0040      0.0092      0.0079      0.0163      0.0791
(R_Fei - R_mean) / R_error :

   -1.1326     -0.8147     -0.4468     -1.3625      1.8689      0.3349      0.7317      2.4953      0.3065
   -0.8147     -4.9331     -3.2407      2.5243     -0.7806      0.2053     -1.0188      2.3515      3.3690
   -0.4468     -3.2407     -1.7621      3.2966     -1.5190      0.2869     -0.8090      0.4956      1.3780
   -1.3625      2.5243      3.2966      0.5857     -0.2746      1.1166      0.7491     -1.3167     -1.4402
    1.8689     -0.7806     -1.5190     -0.2746     -2.4005     -0.8721      0.7118     -0.5390      1.3533
    0.3349      0.2053      0.2869      1.1166     -0.8721     -2.9868      0.3222     -0.7148     -1.0213
    0.7317     -1.0188     -0.8090      0.7491      0.7118      0.3222     -2.7251     -0.2912      1.2907
    2.4953      2.3515      0.4956     -1.3167     -0.5390     -0.7148     -0.2912     -2.9452     -0.8321
    0.3065      3.3690      1.3780     -1.4402      1.3533     -1.0213      1.2907     -0.4640     -1.4072
