R matrix exact from Fei Qin :

 5248.8820    -58.6040  -2725.6580     -1.0930      1.0340     -9.0320     -0.3570      0.1530     12.5690
  -58.6040   7048.1480   1998.9700      3.3360      0.9740      0.8190      1.1090    -13.6040     -9.0180
-2725.6580   1998.9700  45434.7160     30.0270      3.3780     18.9220     17.9500     -0.1340   -203.0800
   -1.0930      3.3360     30.0270      0.1400      0.0050      0.0120      0.0610     -0.0050     -0.0930
    1.0340      0.9740      3.3780      0.0050      0.0360     -0.0020      0.0050      0.0030     -0.0160
   -9.0320      0.8190     18.9220      0.0120     -0.0020      0.0850      0.0140      0.0030     -0.0850
   -0.3570      1.1090     17.9500      0.0610      0.0050      0.0140      0.1520      0.0030     -0.0420
    0.1530    -13.6040     -0.1340     -0.0050      0.0030      0.0030      0.0030      0.0980     -0.0030
   12.5690     -9.0180   -203.0800     -0.0930     -0.0160     -0.0850     -0.0420      0.0030      1.1030
