R matrix mean with 10 samples with 1000 galaxies each :

 5846.9381   -165.8296  -2513.3720     -0.7569      1.4703    -10.7715      0.6712      1.2045     11.2045
 -165.8296   8382.2142   3005.9575      3.6664      2.0261      1.9192      2.8964    -17.2716    -14.4865
-2513.3720   3005.9575  52351.7056     30.2957      2.5238     19.0219     12.7903     -4.5488   -240.2311
   -0.7569      3.6664     30.2957      0.1536      0.0076      0.0107      0.0555     -0.0074     -0.0972
    1.4703      2.0261      2.5238      0.0076      0.0449     -0.0012      0.0072      0.0046     -0.0099
  -10.7715      1.9192     19.0219      0.0107     -0.0012      0.1111      0.0113     -0.0024     -0.0699
    0.6712      2.8964     12.7903      0.0555      0.0072      0.0113      0.1774      0.0041     -0.0230
    1.2045    -17.2716     -4.5488     -0.0074      0.0046     -0.0024      0.0041      0.1252      0.0322
   11.2045    -14.4865   -240.2311     -0.0972     -0.0099     -0.0699     -0.0230      0.0322      1.3377
R matrix ecart-type : 

  279.6835    366.5833    909.7799      1.4846      0.9383      2.4223      0.9373      1.4373      4.3177
  366.5833    547.6447   1854.3654      2.1089      0.9344      2.3381      1.8237      2.6028      8.5389
  909.7799   1854.3654   3212.3059      4.0309      2.9832      7.2631      8.8239      9.3822     18.7172
    1.4846      2.1089      4.0309      0.0146      0.0088      0.0143      0.0103      0.0104      0.0192
    0.9383      0.9344      2.9832      0.0088      0.0055      0.0044      0.0081      0.0029      0.0143
    2.4223      2.3381      7.2631      0.0143      0.0044      0.0091      0.0061      0.0093      0.0378
    0.9373      1.8237      8.8239      0.0103      0.0081      0.0061      0.0308      0.0131      0.0542
    1.4373      2.6028      9.3822      0.0104      0.0029      0.0093      0.0131      0.0221      0.0531
    4.3177      8.5389     18.7172      0.0192      0.0143      0.0378      0.0542      0.0531      0.1518
R matrix standard error on the mean :

   88.4437    115.9238    287.6977      0.4695      0.2967      0.7660      0.2964      0.4545      1.3654
  115.9238    173.1805    586.4018      0.6669      0.2955      0.7394      0.5767      0.8231      2.7002
  287.6977    586.4018   1015.8203      1.2747      0.9434      2.2968      2.7904      2.9669      5.9189
    0.4695      0.6669      1.2747      0.0046      0.0028      0.0045      0.0033      0.0033      0.0061
    0.2967      0.2955      0.9434      0.0028      0.0017      0.0014      0.0026      0.0009      0.0045
    0.7660      0.7394      2.2968      0.0045      0.0014      0.0029      0.0019      0.0029      0.0120
    0.2964      0.5767      2.7904      0.0033      0.0026      0.0019      0.0097      0.0041      0.0171
    0.4545      0.8231      2.9669      0.0033      0.0009      0.0029      0.0041      0.0070      0.0168
    1.3654      2.7002      5.9189      0.0061      0.0045      0.0120      0.0171      0.0168      0.0480
(R_Fei - R_mean) / R_error :

   -6.7620      0.9250     -0.7379     -0.7159     -1.4703      2.2709     -3.4691     -2.3135      0.9994
    0.9250     -7.7033     -1.7172     -0.4954     -3.5604     -1.4880     -3.0994      4.4560      2.0252
   -0.7379     -1.7172     -6.8093     -0.2108      0.9055     -0.0435      1.8491      1.4880      6.2767
   -0.7159     -0.4954     -0.2108     -2.9510     -0.9395      0.2951      1.6873      0.7155      0.7001
   -1.4703     -3.5604      0.9055     -0.9395     -5.1342     -0.5669     -0.8522     -1.7789     -1.3506
    2.2709     -1.4880     -0.0435      0.2951     -0.5669     -9.0991      1.4008      1.8526     -1.2632
   -3.4691     -3.0994      1.8491      1.6873     -0.8522      1.4008     -2.6116     -0.2653     -1.1116
   -2.3135      4.4560      1.4880      0.7155     -1.7789      1.8526     -0.2653     -3.8847     -2.0989
    0.9994      2.0252      6.2767      0.7001     -1.3506     -1.2632     -1.1116     -1.7415     -4.8908
